28301.712 7064.554 12570.330
7845.091 10220.996 12579.346
1336.528 5843.191 12558.136
19920.965 1542.524 12570.995
17920.161 5615.491 12600.000
11754.577 2122.721 12584.764
3202.651 -2589.408 8866.583
21584.639 14595.855 8942.586
23704.823 -2617.192 8850.619
15482.877 14617.841 8329.517
2446.154 10213.612 12558.746
24356.694 1729.023 12582.029
12121.372 9837.396 12582.049
2487.147 1899.742 12572.885
9717.316 -2635.096 8917.817
14794.779 -2690.257 8398.857
25361.116 5340.718 12600.000
6135.386 14622.042 8863.581
27437.389 14610.560 8924.621
15192.452 14481.933 2400.203
16326.919 10016.993 12578.607
23866.514 9655.860 12582.160
15606.920 1903.380 12565.050
21792.950 5243.969 12600.000
5778.376 3968.448 12600.000
14979.111 -2652.615 2803.811
9567.883 5839.730 12600.000
2028.857 14460.238 9324.516
27707.018 10580.666 12554.322
13971.560 6134.169 12600.000
20261.774 9588.314 12587.824
7556.348 1354.139 12567.040
28319.263 -2474.107 8983.225
28347.804 2444.510 12567.006
10647.206 14597.392 9108.882
5168.759 7412.364 12600.000
19033.591 -2546.690 8822.438
